28077
6217
1689
16046
26809
23015
10270
14330
9368
26053
3761
1115
18582
22149
6778
24371
20755
14763
14793
1062
7661
26085
12049
22271
10227
20183
14384
29174
13048
22445
24808
4898
12950
19658
12868
8286
6233
6255
9329
1682
5713
14935
3510
8236
2197
10823
15828
6699
21288
2453
10758
28939
25832
16723
9867
22108
26980
9445
27044
29343
28141
8965
8622
9653
1780
21633
20033
29813
5650
9102
28248
15558
3333
8832
28589
5656
27880
6996
17079
40
14020
12797
1808
22546
24190
5587
13750
8236
1736
9314
6787
26550
20927
23470
797
27953
4294
16770
17110
11120
24362
22252
2404
5806
27207
27515
12653
17061
25776
13276
24314
17662
687
4102
9467
5255
24495
23762
2612
21129
26012
22858
6792
24102
2064
26578
15637
7296
24928
18730
11510
28181
9524
24644
17111
4669
10496
8584
1410
10535
29751
24235
27598
8026
3784
14364
13249
1311
18735
17217
23674
9292
25595
29185
15785
29188
24921
19686
17305
22433
10451
12975
4049
9652
29977
22819
15429
28999
10657
5888
14057
20426
5402
25703
23940
20796
2529
26160
16908
24613
21533
28133
27170
28214
4989
23263
2649
630
15546
28082
6121
9326
1681
8201
12155
7766
12355
23643
5737
3441
2368
14364
29830
22952
23221
29436
16743
26399
7669
14603
3433
29838
13650
9651
23077
20755
23347
20104
26319
16894
11328
22791
14525
29269
25063
19944
24119
2908
27489
18465
12448
29230
8525
15032
17895
20741
5998
3834
4856
20748
11168
20821
17650
21085
16603
29644
5543
2779
7508
19519
17090
19131
16830
18149
13434
18327
29055
26829
21039
20062
15045
1904
18116
9427
2830
6528
2058
5048
17032
13486
15121
13100
11871
3057
13536
1681
2363
1755
26802
17319
26855
7296
10334
2692
14086
28966
18554
25358
7567
20980
18032
15010
5615
28269
8882
29577
25738
1197
26009
22852
26093
12867
22446
3769
8145
2811
2528
24254
23082
20679
16569
24690
5949
8957
6588
10602
29587
8707
24795
3336
21699
18421
9146
3590
9405
15040
8146
11856
2677
18638
13325
5147
10485
17176
24874
17165
17900
6414
26088
13510
15268
23610
26101
23117
28371
26115
16901
9213
5065
6053
2157
28427
16335
10125
26103
8052
6881
21792
20438
10893
11519
10472
8514
587
3295
19417
22953
5380
8839
2007
28963
13380
3274
14722
23368
22507
2270
7498
19981
11475
7695
25085
23497
24019
21664
26030
7340
13836
10956
24146
25875
5927
2837
2420
11382
20176
1085
2144
5878
8119
25041
14025
20975
24321
29765
9947
7810
9318
22662
25076
7692
25895
22343
23687
18639
27919
13304
11482
5399
11770
1028
13770
17666
10304
1851
13236
24134
17882
18251
1113
15481
2908
24000
21466
28252
23537
14539
28011
24703
7825
9424
16321
5528
24268
7691
2479
3153
26618
2211
21468
3375
21065
17440
20301
3052
18407
27755
24014
18452
8653
27212
6966
18396
13908
4695
1093
16834
3393
21343
26701
10222
11706
15325
22357
1221
18926
17025
7513
2985
4702
20185
12518
12318
18206
6143
3638
15561
4191
5872
13603
5037
2945
5442
23737
3643
25831
25149
19002
19193
22222